structure(c(0.77116525173187256, -0.40226170420646667, 0.4934467077255249, 
0, 0.62468802928924561, 0.32866925001144409, -0.70833706855773926, 
0, 0.12275615334510803, 0.8544953465461731, 0.50474631786346436, 
0, 0, 0, 0, 1), dim = c(4L, 4L))
