list(FOV = 30, ignoreExtent = FALSE, listeners = 3348L, mouseMode = c(none = "none", 
left = "trackball", right = "zoom", middle = "fov", wheel = "pull"
), skipRedraw = FALSE, userMatrix = structure(c(0.96435636281967163, 
-0.14665532112121582, 0.2202475517988205, 0, 0.25440937280654907, 
0.28503873944282532, -0.92413675785064697, 0, 0.072750493884086609, 
0.94723021984100342, 0.31218940019607544, 0, 0, 0, 0, 1), dim = c(4L, 
4L)), userProjection = structure(c(1, 0, 0, 0, 0, 1, 0, 0, 0, 
0, 1, 0, 0, 0, 0, 1), dim = c(4L, 4L)), scale = c(0.99412345886230469, 
6.6503801345825195, 1.3107993602752686), viewport = c(x = 0L, 
y = 0L, width = 780L, height = 770L), zoom = 1, windowRect = c(2416L, 
61L, 3196L, 831L), family = "sans", font = 1L, cex = 1, useFreeType = TRUE)
